4 0.0 -0.750000
4 0.1 -0.753254
4 0.2 -0.763225
4 0.3 -0.780907
4 0.4 -0.808651
4 0.5 -0.846595
4 0.6 -0.894619
4 0.7 -0.952000
4 0.8 -1.017216
4 0.9 -1.088706
4 1.0 -1.165137
4 1.1 -1.245461
4 1.2 -1.328872
4 1.3 -1.414761
4 1.4 -1.502661
4 1.5 -1.592214
4 1.6 -1.683140
4 1.7 -1.775218
4 1.8 -1.868270
4 1.9 -1.962154
16 0.0 -0.937500
16 0.1 -0.939790
16 0.2 -0.946727
4 0.0 -0.750000
4 0.1 -0.753250
4 0.2 -0.763177
4 0.3 -0.780725
4 0.4 -0.808545
4 0.5 -0.846593
4 0.6 -0.894619
4 0.7 -0.952000
4 0.8 -1.017216
4 0.9 -1.088706
4 1.0 -1.165137
4 1.1 -1.245461
4 1.2 -1.328872
4 1.3 -1.414761
4 1.4 -1.502661
4 1.5 -1.592214
4 1.6 -1.683140
4 1.7 -1.775218
4 1.8 -1.868270
4 1.9 -1.962154
16 0.0 -0.937500
16 0.1 -0.939790
16 0.2 -0.946727
16 0.3 -0.958515
16 0.4 -0.975477
16 0.5 -0.998051
16 0.6 -1.026771
16 0.7 -1.062315
16 0.8 -1.105965
16 0.9 -1.159818
16 1.0 -1.222339
16 1.1 -1.291785
16 1.2 -1.366550
16 1.3 -1.445448
16 1.4 -1.527613
16 1.5 -1.612406
16 1.6 -1.699344
16 1.7 -1.788057
16 1.8 -1.878254
16 1.9 -1.969704
28 0.0 -0.964286
28 0.1 -0.966438
28 0.2 -0.972952
28 0.3 -0.983994
28 0.4 -0.999840
28 0.5 -1.020873
28 0.6 -1.047583
28 0.7 -1.080607
28 0.8 -1.120846
28 0.9 -1.170184
28 1.0 -1.230781
28 1.1 -1.298549
28 1.2 -1.372002
28 1.3 -1.449867
28 1.4 -1.531196
28 1.5 -1.615301
28 1.6 -1.701665
28 1.7 -1.789895
28 1.8 -1.879683
28 1.9 -1.970784
40 0.0 -0.975000
40 0.1 -0.977098
40 0.2 -0.983441
40 0.3 -0.994185
40 0.4 -1.009586
40 0.5 -1.030004
40 0.6 -1.055920
40 0.7 -1.087970
40 0.8 -1.127076
40 0.9 -1.174973
40 1.0 -1.234190
40 1.1 -1.301259
40 1.2 -1.374183
40 1.3 -1.451634
40 1.4 -1.532630
40 1.5 -1.616459
40 1.6 -1.702594
40 1.7 -1.790630
40 1.8 -1.880254
40 1.9 -1.971216
52 0.0 -0.980769
52 0.1 -0.982837
52 0.2 -0.989090
52 0.3 -0.999673
52 0.4 -1.014833
52 0.5 -1.034918
52 0.6 -1.060395
52 0.7 -1.091886
52 0.8 -1.130284
52 0.9 -1.177110
52 1.0 -1.235722
52 1.1 -1.302719
52 1.2 -1.375357
52 1.3 -1.452586
52 1.4 -1.533402
52 1.5 -1.617083
52 1.6 -1.703094
52 1.7 -1.791026
52 1.8 -1.880562
52 1.9 -1.971449
64 0.0 -0.984375
64 0.1 -0.986424
64 0.2 -0.992620
64 0.3 -1.003103
64 0.4 -1.018113
64 0.5 -1.037990
64 0.6 -1.063197
64 0.7 -1.094353
64 0.8 -1.132349
64 0.9 -1.178688
64 1.0 -1.236725
64 1.1 -1.303631
64 1.2 -1.376091
64 1.3 -1.453181
64 1.4 -1.533884
64 1.5 -1.617473
64 1.6 -1.703407
64 1.7 -1.791274
64 1.8 -1.880754
64 1.9 -1.971594
76 0.0 -0.986842
76 0.1 -0.988879
76 0.2 -0.995035
76 0.3 -1.005450
76 0.4 -1.020357
76 0.5 -1.040092
76 0.6 -1.065115
76 0.7 -1.096042
76 0.8 -1.133762
76 0.9 -1.179768
76 1.0 -1.237411
76 1.1 -1.304255
76 1.2 -1.376593
76 1.3 -1.453588
76 1.4 -1.534214
76 1.5 -1.617740
76 1.6 -1.703620
76 1.7 -1.791443
76 1.8 -1.880886
76 1.9 -1.971694
88 0.0 -0.988636
88 0.1 -0.990664
88 0.2 -0.996792
88 0.3 -1.007157
88 0.4 -1.021989
88 0.5 -1.041624
88 0.6 -1.066520
88 0.7 -1.097308
88 0.8 -1.134908
88 0.9 -1.180864
88 1.0 -1.238039
88 1.1 -1.304709
88 1.2 -1.376958
88 1.3 -1.453884
88 1.4 -1.534454
88 1.5 -1.617934
88 1.6 -1.703776
88 1.7 -1.791566
88 1.8 -1.880982
88 1.9 -1.971766
100 0.0 -0.990000
100 0.1 -0.992021
100 0.2 -0.998127
100 0.3 -1.008454
100 0.4 -1.023229
100 0.5 -1.042783
100 0.6 -1.067569
100 0.7 -1.098202
100 0.8 -1.135570
100 0.9 -1.181151
100 1.0 -1.238296
100 1.1 -1.305054
100 1.2 -1.377236
100 1.3 -1.454109
100 1.4 -1.534637
100 1.5 -1.618081
100 1.6 -1.703894
100 1.7 -1.791660
100 1.8 -1.881054
100 1.9 -1.971821
112 0.0 -0.991071
112 0.1 -0.993087
112 0.2 -0.999176
112 0.3 -1.009473
112 0.4 -1.024203
112 0.5 -1.043696
112 0.6 -1.068402
112 0.7 -1.098936
112 0.8 -1.136183
112 0.9 -1.181620
112 1.0 -1.238598
112 1.1 -1.305325
112 1.2 -1.377454
112 1.3 -1.454286
112 1.4 -1.534780
112 1.5 -1.618197
112 1.6 -1.703987
112 1.7 -1.791733
112 1.8 -1.881111
112 1.9 -1.971864
124 0.0 -0.991935
124 0.1 -0.993946
124 0.2 -1.000022
124 0.3 -1.010295
124 0.4 -1.024989
124 0.5 -1.044432
124 0.6 -1.069073
124 0.7 -1.099527
124 0.8 -1.136712
124 0.9 -1.181998
124 1.0 -1.238842
124 1.1 -1.305543
124 1.2 -1.377630
124 1.3 -1.454428
124 1.4 -1.534896
124 1.5 -1.618290
124 1.6 -1.704062
124 1.7 -1.791793
124 1.8 -1.881158
124 1.9 -1.971899
136 0.0 -0.992647
136 0.1 -0.994654
136 0.2 -1.000719
136 0.3 -1.010972
136 0.4 -1.025636
136 0.5 -1.045039
136 0.6 -1.069626
136 0.7 -1.100014
136 0.8 -1.137086
136 0.9 -1.182310
136 1.0 -1.239043
136 1.1 -1.305723
136 1.2 -1.377775
136 1.3 -1.454546
136 1.4 -1.534991
136 1.5 -1.618367
136 1.6 -1.704124
136 1.7 -1.791841
136 1.8 -1.881196
136 1.9 -1.971928
148 0.0 -0.993243
148 0.1 -0.995247
148 0.2 -1.001302
148 0.3 -1.011539
148 0.4 -1.026179
148 0.5 -1.045547
148 0.6 -1.070090
148 0.7 -1.100422
148 0.8 -1.137427
148 0.9 -1.182571
148 1.0 -1.239211
148 1.1 -1.305874
148 1.2 -1.377896
148 1.3 -1.454644
148 1.4 -1.535071
148 1.5 -1.618432
148 1.6 -1.704175
148 1.7 -1.791882
148 1.8 -1.881227
148 1.9 -1.971952
