30 0.0 1.000000
30 0.2 0.977140
30 0.4 0.905383
30 0.6 0.772573
30 0.8 0.543866
30 1.0 0.143849
30 1.2 0.045336
30 1.4 0.024017
30 1.6 0.015197
30 1.8 0.010456
42 0.0 1.000000
42 0.2 0.977609
42 0.4 0.908939
42 0.6 0.790325
42 0.8 0.595865
42 1.0 0.116042
42 1.2 0.033371
42 1.4 0.017319
42 1.6 0.010858
42 1.8 0.007422
6 0.05 0.998274
6 0.1 0.993065
6 0.15 0.984288
6 0.25 0.955383
6 0.3 0.934737
6 0.35 0.909287
6 0.45 0.839100
6 0.5 0.787177
6 0.55 0.727328
6 0.65 0.598233
6 0.7 0.531946
6 0.75 0.468657
6 0.85 0.359077
6 0.9 0.314255
6 0.95 0.275814
6 1.05 0.215274
6 1.1 0.191631
6 1.15 0.171467
6 1.25 0.139324
6 1.3 0.126451
6 1.35 0.115247
6 1.45 0.096817
6 1.5 0.089193
6 1.55 0.082422
6 1.65 0.070974
6 1.7 0.066111
6 1.75 0.061724
6 1.85 0.054149
6 1.9 0.050868
6 1.95 0.047872
18 0.05 0.998533
18 0.1 0.994119
18 0.15 0.986710
18 0.25 0.962572
18 0.3 0.945579
18 0.35 0.925057
18 0.45 0.872372
18 0.5 0.839515
18 0.55 0.801711
18 0.65 0.708750
18 0.7 0.651922
18 0.75 0.586613
18 0.85 0.416591
18 0.9 0.317641
18 0.95 0.234344
18 1.05 0.132672
18 1.1 0.104369
18 1.15 0.084498
18 1.25 0.059308
18 1.3 0.050993
18 1.35 0.044418
18 1.45 0.034726
18 1.5 0.031067
18 1.55 0.027967
18 1.65 0.023012
18 1.7 0.021006
18 1.75 0.019244
18 1.85 0.016299
18 1.9 0.015060
18 1.95 0.013948
30 0.05 0.998585
30 0.1 0.994330
30 0.15 0.987201
30 0.25 0.964062
30 0.3 0.947852
30 0.35 0.928358
30 0.45 0.878688
30 0.5 0.847951
30 0.55 0.812781
30 0.65 0.726961
30 0.7 0.675041
30 0.75 0.616462
30 0.85 0.464299
30 0.9 0.349830
30 0.95 0.217340
30 1.05 0.097712
30 1.1 0.072225
30 1.15 0.056153
30 1.25 0.037642
30 1.3 0.031921
30 1.35 0.027512
30 1.45 0.021181
30 1.5 0.018837
30 1.55 0.016870
30 1.65 0.013758
30 1.7 0.012510
30 1.75 0.011417
30 1.85 0.009603
30 1.9 0.008843
30 1.95 0.008163
42 0.05 0.998608
42 0.1 0.994421
42 0.15 0.987412
42 0.25 0.964705
42 0.3 0.948836
42 0.35 0.929792
42 0.45 0.881452
42 0.5 0.851656
42 0.55 0.817654
42 0.65 0.734964
42 0.7 0.684759
42 0.75 0.627080
42 0.85 0.480133
42 0.9 0.381480
42 0.95 0.252187
42 1.05 0.076337
42 1.1 0.054675
42 1.15 0.041786
42 1.25 0.027502
42 1.3 0.023195
42 1.35 0.019907
42 1.45 0.015232
42 1.5 0.013514
42 1.55 0.012076
42 1.65 0.009813
42 1.7 0.008907
42 1.75 0.008117
42 1.85 0.006807
42 1.9 0.006260
42 1.95 0.005770
54 0.0 1.000000
54 0.1 0.994472
54 0.2 0.977749
54 0.3 0.949385
54 0.4 0.908535
54 0.5 0.853752
54 0.6 0.782598
54 0.7 0.690753
54 0.8 0.569502
54 0.9 0.395764
54 1.0 0.124395
54 1.1 0.043852
54 1.2 0.026376
54 1.3 0.018208
54 1.4 0.013541
54 1.5 0.010535
54 1.6 0.008446
54 1.7 0.006916
54 1.8 0.005753
54 1.9 0.004844
54 0.05 0.998620
54 0.15 0.987530
54 0.25 0.965064
54 0.35 0.930594
54 0.45 0.883007
54 0.55 0.820431
54 0.65 0.739652
54 0.75 0.634674
54 0.85 0.491959
54 0.95 0.269270
54 1.05 0.062806
54 1.15 0.033216
54 1.25 0.021652
54 1.35 0.015592
54 1.45 0.011890
54 1.55 0.009404
54 1.65 0.007626
54 1.75 0.006297
54 1.85 0.005272
54 1.95 0.004462
18 0.0 1.000000
18 0.2 0.976232
18 0.4 0.900756
18 0.6 0.758299
18 0.8 0.506535
18 1.0 0.163362
18 1.2 0.066829
18 1.4 0.037923
18 1.6 0.024775
18 1.8 0.017402
36 0.0 1.000000
36 0.2 0.977368
36 0.4 0.906557
36 0.6 0.776220
36 0.8 0.552068
36 1.0 0.132142
36 1.2 0.036326
36 1.4 0.019390
36 1.6 0.012343
36 1.8 0.008514
72 0.0 1.000000
72 0.2 0.977939
72 0.4 0.909529
72 0.6 0.785761
72 0.8 0.577183
72 1.0 0.122948
72 1.2 0.018885
72 1.4 0.009798
72 1.6 0.006161
72 1.8 0.004212
144 0.0 1.000000
144 0.2 0.978226
6 0.0 1.000000
6 0.2 0.971805
6 0.4 0.873505
6 0.6 0.667439
6 0.8 0.418299
6 1.0 0.250495
6 1.2 0.159817
6 1.4 0.109538
6 1.6 0.079399
6 1.8 0.060024
36 0.1 0.994384
36 0.3 0.948438
36 0.5 0.850193
144 0.4 0.911042
144 0.6 0.790721
144 0.8 0.590973
144 1.0 0.079384
144 1.2 0.009638
144 1.4 0.004934
144 1.6 0.003084
144 1.8 0.002099
36 0.7 0.680532
36 0.9 0.354814
36 1.1 0.059317
36 1.3 0.025864
36 1.5 0.015383
36 1.7 0.010256
36 1.9 0.007261
72 0.1 0.994516
72 0.3 0.949874
72 0.5 0.855643
72 0.7 0.696064
72 0.9 0.405679
72 1.1 0.032332
72 1.3 0.013146
72 1.5 0.007689
72 1.7 0.005076
72 1.9 0.003564
144 0.1 0.994583
144 0.3 0.950597
144 0.5 0.858419
144 0.7 0.704218
144 0.9 0.428468
144 1.1 0.016834
144 1.3 0.006626
144 1.5 0.003844
144 1.7 0.002525
144 1.9 0.001766
6 0 1.000000
18 0 1.000000
36 0 1.000000
36 0.65 0.731697
36 0.75 0.621604
36 0.85 0.468652
36 0.95 0.224622
72 0 1.000000
72 0.65 0.743852
72 0.75 0.641271
72 0.85 0.501335
72 0.95 0.263630
6 1.11 0.193780
18 1.11 0.096090
36 1.11 0.055979
72 1.11 0.030233
144 0.65 0.750166
144 0.75 0.651752
144 0.85 0.518697
144 0.95 0.301600
36 1.05 0.083344
72 1.05 0.049564
144 1.05 0.027056
4 0.0 1.000000
4 0.1 0.992144
4 0.2 0.966148
4 0.3 0.916082
4 0.4 0.838362
4 0.5 0.737348
4 0.6 0.626673
4 0.65 0.572612
4 0.7 0.521389
4 0.75 0.473880
4 0.8 0.430511
4 0.85 0.391364
4 0.9 0.356288
4 0.95 0.325000
4 1.0 0.297153
4 1.05 0.272382
4 1.1 0.250335
4 1.2 0.213133
4 1.3 0.183321
4 1.4 0.159187
4 1.5 0.139440
4 1.6 0.123118
4 1.7 0.109498
4 1.8 0.098035
4 1.9 0.088309
8 0.0 1.000000
8 0.1 0.993459
4 0.05 0.998072
4 0.15 0.981846
4 0.25 0.944448
4 0.35 0.880668
4 0.45 0.790067
4 0.55 0.682193
4 1.15 0.230684
4 1.25 0.197421
4 1.35 0.170634
4 1.45 0.148832
4 1.55 0.130901
4 1.65 0.116008
4 1.75 0.103526
4 1.85 0.092977
4 1.95 0.083995
8 0.05 0.998371
8 0.15 0.985193
8 0.2 0.973448
8 0.25 0.958050
8 0.3 0.938766
8 0.35 0.915258
8 0.4 0.886821
8 0.45 0.851868
8 0.5 0.809523
8 0.55 0.759725
8 0.6 0.701557
8 0.65 0.635680
8 0.7 0.564576
8 0.75 0.492247
8 0.8 0.423099
8 0.85 0.360594
8 0.9 0.306516
8 0.95 0.261095
8 1.0 0.223581
8 1.05 0.192809
8 1.1 0.167568
8 1.15 0.146773
8 1.2 0.129524
8 1.25 0.115101
8 1.3 0.102938
8 1.35 0.092595
8 1.4 0.083728
8 1.45 0.076069
8 1.5 0.069407
8 1.55 0.063573
8 1.6 0.058435
8 1.65 0.053885
8 1.7 0.049834
8 1.75 0.046213
8 1.8 0.042963
8 1.85 0.040033
8 1.9 0.037383
8 1.95 0.034979
